           1   50.65883       70.50578       795.2245    
           2   54.55357       38.90093       999.7535    
           3   84.28717       69.14927       726.7842    
           4   80.71565       83.65277       998.2417    
           5   48.22110       41.99498       85.19435    
           6   69.27149       42.85117       268.2168    
           7   26.03407       19.73801       348.3145    
           8   64.91293       82.18748       312.6819    
           9   75.73280       81.51481       438.8691    
          10  -56.91118      -20.76910       521.8275    
          11   76.45855       79.34679       225.5880    
          12   74.06239       36.45802       840.0132    
          13   46.08966       53.33185       999.7461    
          14   77.57504       89.55205       350.7503    
          15   26.52929       41.21494       838.3741    
          16   22.00888       23.98783       753.4205    
          17   67.68127       67.58833       60.26409    
          18   70.52159       63.49949       998.9479    
          19   51.54871       47.99842       332.5792    
          20   78.97604       68.57909       810.5403    
          21   48.78490       46.57098       514.5623    
          22   44.04203      -40.34093       230.8997    
          23   58.33771       37.14730       289.3344    
          24   69.63196       74.09219       566.6140    
          25   60.93045       47.21026       428.9839    
          26   15.74726       7.284260       999.1075    
