           1  -23.82898      -8.572567       17.60345    
           2  -14.00737      -41.64419       206.8469    
           3   72.80544       30.62887       179.0610    
           4   88.52876       91.16561       336.2859    
           5   78.09570       83.96425       931.1536    
           6   62.01731       30.43785       236.7070    
           7   4.582107       2.462089       330.5828    
           8   63.64014       78.53839       236.7070    
           9   76.72108       80.24891       613.1421    
          10   20.16948       30.75461       997.3607    
          11   74.11842       75.41255       289.6006    
          12   66.04823      -6.532967       363.0523    
          13   34.63235       43.51915       754.3280    
          14   60.29425       47.67807       210.5900    
          15   7.348180       51.52420       210.5900    
          16   15.67618       15.89465       592.2105    
          17   76.75411       77.23811       496.2815    
          18   49.65614       38.45412       557.6240    
          19   10.34102       23.37264       206.8469    
          20   55.12770       23.92289       557.6240    
          21  -41.49588      -48.73639       80.82227    
          22   26.57186      -53.37127       330.5828    
          23   48.67671       47.65582       330.5828    
          24   60.62611       63.84382       342.1226    
          25   58.08269       44.50265       330.5828    
          26   7.312137       11.03997       779.7178    
